Airplane ID | Expected Landing Time | Actual Landing Time | Urgent | Difference | Urgency Penalty | Score
-----------------------------------------------------------------------------------------------
19 | 17.371571922574564 | 17.371571922574564 | False | 0.0 | 0 | 0.0
6 | 15.673784479744025 | 15.673784479744025 | False | 0.0 | 0 | 0.0
2 | 18.70542565151532 | 18.70542565151532 | False | 0.0 | 0 | 0.0
24 | 29.036159998569993 | 29.036159998569993 | False | 0.0 | 0 | 0.0
7 | 30.934765602495343 | 30.934765602495343 | False | 0.0 | 0 | 0.0
17 | 35.731206488634115 | 35.731206488634115 | False | 0.0 | 0 | 0.0
3 | 40.325749903391824 | 23.551471671104874 | True | 16.77427823228695 | 100 | 116.77427823228695
4 | 44.18639808280369 | 44.18639808280369 | False | 0.0 | 0 | 0.0
12 | 49.61458152097548 | 49.61458152097548 | False | 0.0 | 0 | 0.0
1 | 49.755830342774225 | 49.755830342774225 | False | 0.0 | 0 | 0.0
13 | 51.93104997463746 | 51.93104997463746 | False | 0.0 | 0 | 0.0
21 | 56.137289739306055 | 56.137289739306055 | False | 0.0 | 0 | 0.0
11 | 58.8363936473022 | 24.370939021948278 | True | 34.46545462535393 | 100 | 134.4654546253539
25 | 59.01164377078004 | 59.01164377078004 | False | 0.0 | 0 | 0.0
22 | 72.52510387131898 | 26.492216446961265 | True | 46.03288742435771 | 100 | 146.0328874243577
20 | 78.85806920968244 | 78.85806920968244 | False | 0.0 | 0 | 0.0
10 | 84.91933851016053 | 62.20645293668732 | False | 22.71288557347321 | 0 | 22.71288557347321
14 | 88.10981175221234 | 88.10981175221234 | False | 0.0 | 0 | 0.0
9 | 89.8269629968017 | 89.8269629968017 | False | 0.0 | 0 | 0.0
8 | 91.75278919925987 | 91.75278919925987 | False | 0.0 | 0 | 0.0
15 | 95.45649249480456 | 53.00614480889979 | True | 42.450347685904774 | 100 | 142.45034768590477
23 | 98.34864569802336 | 98.34864569802336 | False | 0.0 | 0 | 0.0
5 | 102.90007839142677 | 88.89150934027538 | False | 14.008569051151397 | 0 | 14.008569051151397
16 | 115.36966988117605 | 109.03485010372864 | False | 6.334819777447407 | 0 | 6.334819777447407
18 | 118.84536865701594 | 118.84536865701594 | False | 0.0 | 0 | 0.0
-----------------------------------------------------------------------------------------------
Total Score: 582.7792423699753
